0  0  0  0  0  0  0  0  0  0  0  0  0  0  0  0
0  0  0  0  0  0  0  0  0  0  0  0  0  0  0  0
0  0  0  0  0  0  0  0  0  0  0  0  0  0  0  0
10 0  10 0  6  0  13 0  3  0  3  0  6  0  10 0

0  0  0  0  0  0  0  0  0  0  0  0  0  0  0  0
0  0  0  0  0  0  0  0  0  0  0  0  0  0  0  0
10 0  2  0  22 0  2  0  17 0  15 0  14 0  5  0
1  6  10 6  10 2  6  10 4  1  5  5  4  8  6  3

0  0  0  0  0  0  0  0  0  0  0  0  0  0  0  0
16 0  17 0  2  0  2  0  10 0  15 0  6  0  9  0
11 27 14 5  5  7  8  24 8  3  6  15 22 6  1  1
0  0  0  0  0  0  0  0  0  0  0  0  0  0  0  0

27 20 11 27 10 19 10 13 10 2  15 23 19 3  2  3
2  10 9  7  3  12 24 10 9  22 9  5  10 5  1  24
0  0  0  0  0  0  0  0  0  0  0  0  0  0  0  0
0  0  0  0  0  0  0  0  0  0  0  0  0  0  0  0